.Random.seed <-
c(403L, 10L, -1715563160L, 1268507798L, 852566545L, 263019459L, 
1920796626L, 389001828L, -1471655513L, 463089405L, -1502455052L, 
-1945932326L, -898064091L, 79575103L, 1517631430L, -457405360L, 
-1119756173L, -759401327L, 1636549824L, -1044052322L, 177797737L, 
-245466469L, 566917034L, 1205380044L, -2107654513L, 1293639365L, 
-960784772L, 1124825810L, 158895693L, -459332857L, 1346094830L, 
386163656L, 825087179L, -2092200663L, 1403338104L, -2080914778L, 
-1696308031L, 139933011L, -1044925950L, -224023756L, 1157220535L, 
-696086355L, 1588710852L, 2088746474L, 985424469L, 1215024111L, 
303213558L, 1356348704L, -1689496861L, 1627276161L, -1772694032L, 
-1517196146L, 1942983673L, -781045365L, -1658786374L, -1664092996L, 
357853183L, 1337476437L, -1468508564L, -868375870L, -1637096163L, 
-2035475561L, -2099671298L, -2044531528L, -1092354405L, 134524153L, 
-1890152888L, 1055910262L, -1988357967L, -1873509149L, 1685967794L, 
-1861800956L, 750661447L, 1810769437L, 481000596L, 1622010938L, 
-1352595835L, -1589774497L, 426661862L, 315693680L, 1242852755L, 
-755918287L, 2009290976L, 573763966L, 1647080457L, 1966584891L, 
628627978L, 660251116L, -90999185L, -1380943451L, -370671268L, 
-341648078L, 731005997L, -867517721L, 1061269518L, 243630568L, 
-1544469525L, -202367863L, 70240280L, -715655354L, -2066995807L, 
1618426931L, -375402078L, -824359788L, -933694697L, 666189069L, 
1803271204L, -1425748982L, -708005515L, 1447708879L, 368110550L, 
-904699008L, -1659603005L, 1206083937L, -584620080L, 997093166L, 
-132869415L, -908889877L, 2093195610L, 1860651804L, 622050847L, 
-1110931851L, 1155511052L, -1249055006L, 105857981L, 1231254583L, 
-1413097762L, 2054038040L, -532370053L, -1822595815L, 508651944L, 
-928785066L, -158622255L, 1030034819L, 1221970962L, 223438756L, 
-999252121L, 616225981L, 1661434932L, -1273114726L, 2009140197L, 
821544831L, 2018014982L, 143474832L, -642246349L, 1161719505L, 
-390849408L, -1933079202L, 694076073L, 431394139L, -1666445462L, 
2096236044L, -863662513L, 1495466757L, -1929374788L, 969942674L, 
-1892506227L, 2035086791L, 31655598L, -836948216L, -1417007861L, 
-831321111L, 285486264L, -1431884954L, -1196589055L, 1936199315L, 
429363522L, 749616884L, 365087479L, -504972563L, 1660663172L, 
1470954410L, -1433919211L, 1990486959L, 290116534L, -739792416L, 
595855651L, 184884801L, 86233392L, -972242098L, 1435396537L, 
-1990618165L, 889194618L, -1209960068L, 288336319L, 729892501L, 
1743805612L, 125355650L, -816181667L, -1253658281L, 1908268094L, 
-1664585608L, 1742175067L, -289470791L, 1790278408L, -1814605386L, 
-2008461583L, -2037733085L, -161096846L, -1575890492L, 1585170823L, 
-322808995L, -2120573612L, -938176646L, 708017861L, -752193505L, 
501602214L, -2084075216L, -670276653L, -954131983L, 839171872L, 
1170274750L, 536259017L, 1040928123L, -1284809910L, -1504851028L, 
1347203759L, -1405620123L, -1975140324L, 1969327730L, 1023275245L, 
1651458343L, 77253966L, -555729496L, 164006315L, -782941495L, 
-1078353192L, 608604038L, -360086943L, 1934515240L, 2120096428L, 
-1334438724L, 343515634L, -16490192L, 711498916L, 1868615352L, 
711568730L, 1579945360L, -2011890820L, 1128268052L, 1022759746L, 
-1543460096L, -1037068356L, 476907344L, -1221414110L, -1548847800L, 
-1934228980L, -210216868L, -2065042222L, -591568384L, 1556829524L, 
1917657576L, 587615226L, 1663963344L, 1058049324L, -712293644L, 
-1467649646L, -1863728032L, 377752844L, -2145795360L, -1219817118L, 
-2112193880L, -1977884084L, 1396763004L, 1580899634L, 1996669040L, 
-769614012L, -550119976L, -192734086L, -1685926352L, 1802277564L, 
-1062299820L, 1059025986L, -553886304L, 291293884L, 1844302288L, 
1458591074L, 1477099496L, -45629492L, -893081860L, -955581966L, 
1836576896L, -1214800652L, -1761345912L, 1715613498L, 1311587152L, 
-1402003860L, 367048852L, -224007854L, 160585440L, -1288906036L, 
1282551968L, 1011096450L, 247534312L, 1205301996L, 497142844L, 
-957420942L, -468876176L, -1582547420L, -826295240L, 187631642L, 
-1112737072L, 1077791804L, 1936082068L, -287990654L, -1240236096L, 
2134421820L, -1644045680L, -747609054L, -472284152L, 1900284044L, 
-506612708L, 1833152146L, -393460608L, 1939869716L, 442096936L, 
-622907846L, 333155536L, -566098836L, -605085004L, -909242350L, 
-1263970336L, 1472288716L, 735755744L, -521439710L, -1053990616L, 
-2080335604L, 1545831996L, 1966108914L, 86516464L, -889617596L, 
1715065432L, 1791711802L, -757170448L, -2134989636L, 680072724L, 
1172666562L, -1807779744L, -1648470660L, 2087130320L, 1599413282L, 
267281064L, 1318131596L, 1313468860L, -555289550L, -138905792L, 
662804660L, -274461880L, -183543110L, -1765386480L, -411131668L, 
-682965932L, 1559891730L, 1619008416L, 796815308L, 110758752L, 
-2029924158L, -1106418136L, -44612180L, 371072828L, 1841649522L, 
-411981008L, 705638948L, 991549496L, 1228924122L, -1778538096L, 
-1381775620L, -473690220L, 1780665154L, -80338432L, 1748425276L, 
393297488L, 2001336994L, 553786184L, -1009008116L, -1454187300L, 
1845463634L, 528197760L, 1291504468L, 593287656L, 795671290L, 
330598224L, 442711084L, 1606157684L, 1176475282L, -842175904L, 
-884886900L, 1848593248L, -1348234526L, -858292056L, -1977929524L, 
1041693180L, 1043947442L, -1664973328L, 812484036L, -1197199528L, 
-842589318L, -1773595216L, 913045948L, 1510824020L, 901934018L, 
-1352498400L, -1293451332L, -1268323760L, 1620336098L, -615640728L, 
-2055881396L, -1120610052L, -1637666062L, -648853760L, -777132428L, 
-1504585720L, 366143930L, -1494267952L, 758643180L, 1900994452L, 
-1762077998L, -960684448L, -1579305652L, -193379040L, -1510206846L, 
-1287325208L, -225531924L, 1839670844L, -747839886L, 1535165296L, 
-1093588700L, -881208776L, -1235357286L, 393370064L, -652878404L, 
-1322084204L, -498828158L, -57903680L, -441490628L, 1056363664L, 
-1041329374L, -1575096824L, 1208220940L, -1209543268L, 1402805778L, 
493210496L, -640449772L, -848457432L, -383185862L, 2075302864L, 
194196076L, -570856908L, 1267284626L, -1608762016L, -607651508L, 
-93190176L, -673880670L, 951840168L, 2034017932L, 74673596L, 
1235610025L, -1154592962L, -1514923476L, -658249603L, -816883001L, 
-920542288L, 637023694L, -807581957L, 282410333L, 1154430602L, 
2006963368L, -1356197871L, -1996570365L, 1174875140L, 1657398322L, 
46271623L, -918132527L, 1464322646L, -166620620L, 579279173L, 
-2009037937L, -795670776L, 2105848102L, -1952476717L, 502905653L, 
-1806927214L, -1980375456L, 711403465L, -4581637L, -169854772L, 
-1865322150L, 2077359183L, -1862831847L, 772279086L, 2138182972L, 
-254733651L, 1030925655L, 898714784L, -661902850L, 1885959371L, 
-1752063283L, -1485816326L, -2030105032L, -342256671L, -233456493L, 
-255879500L, 287755202L, -688902185L, 1353793569L, 773654502L, 
-1109425436L, 2074826261L, 1934339647L, 1266269656L, -134462474L, 
-1717388285L, 464572229L, 2106665826L, 770110672L, 1350819833L, 
1310212907L, 140355740L, 1082369738L, -1647411265L, 884435721L, 
-802241506L, 1742605772L, 150022045L, -2007584217L, 1703370832L, 
-651171602L, -1784711781L, -1553712131L, -2138339606L, 969699720L, 
1405607729L, -850489437L, -1713272924L, -622824878L, 1300179367L, 
-448496143L, -462984906L, -1412177452L, -836319387L, -1616234641L, 
-1154197080L, 1452842758L, 177982003L, 882825365L, 1264208114L, 
-1723469504L, 860208809L, -1035491557L, -1639493396L, 1383755002L, 
412878127L, -1791401671L, 1159578446L, 221763996L, -101485811L, 
981448055L, 279708032L, 2037503966L, -910569301L, -772058195L, 
1288050714L, 1331478232L, -191148223L, -417730573L, 127545876L, 
1442028450L, -521403209L, 1710517889L, -2110032250L, 664186564L, 
2027868149L, -340765089L, -2082918216L, -1398925930L, 1274943395L, 
-1541432475L, 1783216770L, -904726544L, -401206887L, 1808695179L, 
-1687045508L, 1377331370L, 827083487L, -161679255L, 150598270L, 
541248108L, -524941635L, -171951225L, -1102663824L, 555013646L, 
-1001108677L, -1362552803L, 1936203978L, -629408792L, -2118686511L, 
-298191677L, -211317820L, 83816562L, -1417641657L, 532557073L, 
